Actions:
[0.0, 0.0, 1.0, 0.0, 1.0]
[1.0, 0.0, 0.0, 0.0, 0.0]
[1.0, 1.0, 0.0, 1.0, 0.0]
[1.0, 0.0, 1.0, 1.0, 1.0]
[0.0, 0.0, 0.0, 0.0, 0.0]
[1.0, 0.0, 0.0, 1.0, 1.0]
[1.0, 0.0, 0.0, 1.0, 0.0]
[1.0, 0.0, 0.0, 0.0, 1.0]
[1.0, 1.0, 1.0, 1.0, 1.0]
[1.0, 0.0, 0.0, 0.0, 0.0]
[1.0, 0.0, 0.0, 1.0, 0.0]
[0.0, 1.0, 1.0, 0.0, 1.0]
[1.0, 0.0, 0.0, 0.0, 1.0]
[0.0, 0.0, 0.0, 0.0, 0.0]
[1.0, 1.0, 0.0, 0.0, 1.0]
[0.0, 0.0, 1.0, 0.0, 1.0]
[1.0, 1.0, 0.0, 1.0, 0.0]
[1.0, 0.0, 1.0, 0.0, 1.0]
[1.0, 0.0, 0.0, 0.0, 1.0]
[1.0, 1.0, 0.0, 0.0, 0.0]
[1.0, 0.0, 1.0, 0.0, 0.0]
[1.0, 0.0, 1.0, 0.0, 1.0]
[1.0, 0.0, 1.0, 0.0, 1.0]
[1.0, 0.0, 0.0, 1.0, 0.0]
[1.0, 0.0, 0.0, 0.0, 0.0]
[1.0, 0.0, 1.0, 0.0, 0.0]
[0.0, 0.0, 1.0, 0.0, 1.0]
[1.0, 0.0, 0.0, 1.0, 1.0]
[0.0, 0.0, 1.0, 1.0, 0.0]
[0.0, 0.0, 1.0, 1.0, 0.0]
[1.0, 0.0, 0.0, 0.0, 1.0]
[1.0, 0.0, 1.0, 0.0, 0.0]
[1.0, 1.0, 0.0, 0.0, 1.0]
[1.0, 0.0, 1.0, 0.0, 1.0]
[0.0, 0.0, 0.0, 0.0, 0.0]
[1.0, 0.0, 0.0, 1.0, 1.0]
[1.0, 0.0, 0.0, 1.0, 1.0]
[0.0, 0.0, 1.0, 1.0, 1.0]
[1.0, 0.0, 1.0, 1.0, 1.0]
[1.0, 0.0, 1.0, 1.0, 0.0]
[1.0, 1.0, 0.0, 0.0, 0.0]
[1.0, 1.0, 1.0, 0.0, 0.0]
[0.0, 0.0, 1.0, 0.0, 0.0]
[1.0, 0.0, 1.0, 0.0, 0.0]
[1.0, 1.0, 1.0, 1.0, 0.0]
[1.0, 1.0, 1.0, 0.0, 0.0]
[0.0, 0.0, 1.0, 0.0, 1.0]
[1.0, 1.0, 1.0, 0.0, 0.0]
[1.0, 1.0, 1.0, 0.0, 0.0]
[1.0, 1.0, 1.0, 1.0, 1.0]
[1.0, 0.0, 1.0, 0.0, 1.0]
[1.0, 0.0, 0.0, 1.0, 0.0]
[0.0, 0.0, 0.0, 1.0, 1.0]
[0.0, 1.0, 1.0, 0.0, 0.0]
[0.0, 0.0, 1.0, 0.0, 1.0]
[1.0, 0.0, 0.0, 0.0, 1.0]
[1.0, 0.0, 1.0, 0.0, 0.0]
[1.0, 1.0, 1.0, 1.0, 1.0]
[1.0, 0.0, 1.0, 0.0, 0.0]
[1.0, 0.0, 0.0, 0.0, 0.0]
[0.0, 1.0, 0.0, 1.0, 1.0]
[1.0, 0.0, 1.0, 0.0, 0.0]
[1.0, 0.0, 0.0, 0.0, 0.0]
[1.0, 1.0, 0.0, 0.0, 0.0]
[0.0, 0.0, 1.0, 0.0, 0.0]
[1.0, 0.0, 0.0, 0.0, 0.0]
[1.0, 0.0, 0.0, 1.0, 1.0]
[1.0, 0.0, 1.0, 0.0, 1.0]
[1.0, 0.0, 0.0, 1.0, 0.0]
[1.0, 0.0, 1.0, 0.0, 1.0]
[1.0, 0.0, 1.0, 0.0, 0.0]
[1.0, 1.0, 1.0, 0.0, 0.0]
[1.0, 0.0, 0.0, 1.0, 0.0]
[1.0, 1.0, 1.0, 0.0, 1.0]
[1.0, 1.0, 1.0, 1.0, 0.0]
[1.0, 0.0, 0.0, 0.0, 1.0]
[1.0, 1.0, 0.0, 0.0, 1.0]
[1.0, 0.0, 0.0, 0.0, 1.0]
[0.0, 0.0, 1.0, 0.0, 0.0]
[1.0, 0.0, 0.0, 1.0, 1.0]
[1.0, 0.0, 1.0, 1.0, 0.0]
[1.0, 1.0, 1.0, 0.0, 0.0]
[1.0, 0.0, 1.0, 1.0, 1.0]
[1.0, 0.0, 1.0, 0.0, 0.0]
[1.0, 0.0, 1.0, 1.0, 0.0]
[1.0, 0.0, 1.0, 0.0, 1.0]
[1.0, 0.0, 1.0, 1.0, 1.0]
[0.0, 0.0, 1.0, 1.0, 0.0]
[1.0, 1.0, 1.0, 0.0, 1.0]
[1.0, 1.0, 0.0, 0.0, 0.0]
[1.0, 1.0, 0.0, 1.0, 1.0]
[1.0, 0.0, 1.0, 0.0, 0.0]
[1.0, 1.0, 1.0, 0.0, 0.0]
[1.0, 1.0, 1.0, 1.0, 1.0]
[0.0, 0.0, 1.0, 1.0, 0.0]
[1.0, 0.0, 1.0, 0.0, 1.0]
[1.0, 0.0, 1.0, 1.0, 0.0]
[1.0, 0.0, 1.0, 0.0, 0.0]
[1.0, 0.0, 0.0, 0.0, 1.0]
[1.0, 0.0, 1.0, 0.0, 0.0]
[1.0, 0.0, 1.0, 0.0, 0.0]
[0.0, 0.0, 0.0, 1.0, 1.0]
[1.0, 0.0, 0.0, 1.0, 0.0]
[0.0, 0.0, 1.0, 0.0, 0.0]
[1.0, 0.0, 0.0, 1.0, 1.0]
[1.0, 0.0, 1.0, 0.0, 1.0]
[1.0, 1.0, 1.0, 0.0, 0.0]
[1.0, 1.0, 1.0, 0.0, 0.0]
[1.0, 0.0, 0.0, 1.0, 1.0]
[1.0, 0.0, 1.0, 0.0, 0.0]
[0.0, 1.0, 1.0, 1.0, 1.0]
[1.0, 0.0, 1.0, 1.0, 1.0]
[1.0, 0.0, 1.0, 1.0, 1.0]
[0.0, 0.0, 1.0, 0.0, 0.0]
[1.0, 0.0, 0.0, 0.0, 0.0]
[1.0, 0.0, 1.0, 0.0, 1.0]
[1.0, 0.0, 0.0, 0.0, 0.0]
[1.0, 1.0, 1.0, 1.0, 0.0]
[1.0, 0.0, 1.0, 1.0, 1.0]
[0.0, 0.0, 1.0, 0.0, 1.0]
[0.0, 0.0, 0.0, 0.0, 1.0]
[0.0, 0.0, 0.0, 1.0, 1.0]
[0.0, 1.0, 1.0, 0.0, 1.0]
[1.0, 0.0, 1.0, 0.0, 0.0]
[1.0, 0.0, 1.0, 0.0, 1.0]
[0.0, 0.0, 1.0, 0.0, 0.0]
[1.0, 0.0, 1.0, 1.0, 0.0]
[1.0, 0.0, 0.0, 0.0, 1.0]
[1.0, 0.0, 0.0, 0.0, 0.0]
[1.0, 1.0, 0.0, 0.0, 0.0]
[0.0, 0.0, 0.0, 1.0, 1.0]
[1.0, 0.0, 1.0, 0.0, 1.0]
[1.0, 0.0, 1.0, 1.0, 0.0]
[1.0, 0.0, 0.0, 1.0, 1.0]
[1.0, 1.0, 0.0, 1.0, 1.0]
[0.0, 1.0, 0.0, 0.0, 0.0]
[0.0, 0.0, 0.0, 0.0, 0.0]
[1.0, 1.0, 0.0, 0.0, 0.0]
[1.0, 0.0, 0.0, 1.0, 0.0]
[1.0, 1.0, 1.0, 0.0, 1.0]
[1.0, 0.0, 0.0, 1.0, 0.0]
[0.0, 0.0, 1.0, 1.0, 0.0]
[1.0, 1.0, 1.0, 0.0, 1.0]
[0.0, 0.0, 0.0, 1.0, 1.0]
[1.0, 0.0, 1.0, 0.0, 1.0]
[1.0, 0.0, 1.0, 0.0, 0.0]
[1.0, 0.0, 0.0, 0.0, 0.0]
[1.0, 0.0, 1.0, 0.0, 0.0]
[1.0, 1.0, 0.0, 0.0, 1.0]
[1.0, 0.0, 0.0, 0.0, 1.0]
[0.0, 0.0, 1.0, 1.0, 1.0]
[1.0, 1.0, 0.0, 0.0, 0.0]
[0.0, 0.0, 0.0, 1.0, 1.0]
[0.0, 0.0, 0.0, 1.0, 1.0]
[1.0, 0.0, 1.0, 0.0, 1.0]
[0.0, 0.0, 1.0, 1.0, 1.0]
[1.0, 0.0, 0.0, 1.0, 1.0]
[0.0, 0.0, 0.0, 0.0, 0.0]
[1.0, 1.0, 1.0, 0.0, 0.0]
[1.0, 0.0, 1.0, 0.0, 0.0]
[1.0, 0.0, 0.0, 1.0, 1.0]
[0.0, 0.0, 1.0, 1.0, 0.0]
[0.0, 0.0, 0.0, 0.0, 0.0]
[1.0, 0.0, 1.0, 1.0, 0.0]
[1.0, 0.0, 1.0, 1.0, 0.0]
[0.0, 0.0, 1.0, 1.0, 0.0]
[1.0, 0.0, 0.0, 1.0, 0.0]
[1.0, 0.0, 1.0, 1.0, 0.0]
[1.0, 1.0, 1.0, 1.0, 0.0]
[0.0, 0.0, 0.0, 0.0, 1.0]
[1.0, 0.0, 1.0, 1.0, 0.0]
[1.0, 0.0, 0.0, 0.0, 0.0]
[0.0, 0.0, 0.0, 0.0, 0.0]
[0.0, 0.0, 0.0, 1.0, 0.0]
[1.0, 0.0, 0.0, 0.0, 0.0]
[1.0, 0.0, 0.0, 0.0, 1.0]
[1.0, 0.0, 1.0, 0.0, 0.0]
[0.0, 0.0, 1.0, 1.0, 1.0]
[1.0, 1.0, 0.0, 0.0, 0.0]
[1.0, 0.0, 1.0, 0.0, 1.0]
[1.0, 1.0, 1.0, 1.0, 1.0]
[1.0, 0.0, 1.0, 0.0, 1.0]
[1.0, 0.0, 1.0, 1.0, 1.0]
[1.0, 0.0, 1.0, 1.0, 0.0]
[0.0, 0.0, 0.0, 0.0, 0.0]
[1.0, 0.0, 1.0, 0.0, 1.0]
[1.0, 1.0, 0.0, 1.0, 0.0]
[1.0, 0.0, 1.0, 1.0, 0.0]

States:
[-0.8910065293312073, 0.45399048924446106, -0.0015383238205686212, -0.002353980205953121, 0.7526243329048157, 0.8137599229812622, 0.8469367027282715, 0.8666411638259888, 0.8785825371742249, 0.8853642344474792, 0.8882114887237549, 0.1438244879245758, 0.0, 0.0]
[-0.8910125494003296, 0.45397862792015076, -0.0020899237133562565, 0.0010648538591340184, 0.0, 0.0, 0.0, 0.0, 0.0, 0.0, 0.0, 0.6306660175323486, 0.3177061080932617, 0.0]
[-0.8910179734230042, 0.45396798849105835, -0.006443582940846682, 0.0032829800620675087, 0.0, 0.0, 0.0, 0.0, 0.0, 0.0, 0.0, 0.6305278539657593, 0.31744009256362915, 0.0]
[-0.8910179734230042, 0.45396798849105835, -0.010796649381518364, 0.0055008395574986935, 0.0, 0.0, 0.0, 0.0, 0.0, 0.0, 0.0, 0.6302982568740845, 0.31701597571372986, 0.0]
[-0.8910179734230042, 0.45396798849105835, -0.01514853723347187, 0.007718098349869251, 0.0, 0.0, 0.0, 0.0, 0.0, 0.0, 0.0, 0.6299761533737183, 0.31642094254493713, 0.0]
[-0.8910179734230042, 0.45396798849105835, -0.01949864998459816, 0.009934453293681145, 0.0, 0.0, 0.0, 0.0, 0.0, 0.0, 0.0, 0.6295615434646606, 0.315654993057251, 0.0]
[-0.8909674286842346, 0.45406726002693176, -0.02384510450065136, 0.012150906957685947, 0.0, 0.0, 0.0, 0.0, 0.0, 0.0, 0.0, 0.6290656924247742, 0.3148392140865326, 0.0]
[-0.8908435106277466, 0.4543102979660034, -0.028185337781906128, 0.014369795098900795, 0.0, 0.0, 0.0, 0.0, 0.0, 0.0, 0.0, 0.62849360704422, 0.3140281140804291, 0.0]
[-0.8906969428062439, 0.454597532749176, -0.03251894935965538, 0.016591425985097885, 0.0, 0.0, 0.0, 0.0, 0.0, 0.0, 0.0, 0.6278340816497803, 0.3131008446216583, 0.0]
[-0.8905277252197266, 0.4549289345741272, -0.036845482885837555, 0.01881500333547592, 0.0, 0.0, 0.0, 0.0, 0.0, 0.0, 0.0, 0.6270870566368103, 0.31205758452415466, 0.0]
[-0.8903358578681946, 0.45530441403388977, -0.04116391763091087, 0.021040813997387886, 0.0, 0.0, 0.0, 0.0, 0.0, 0.0, 0.0, 0.6262525916099548, 0.31089866161346436, 0.0]
[-0.8900133371353149, 0.45593446493148804, -0.04546802118420601, 0.0232738945633173, 0.0, 0.0, 0.0, 0.0, 0.0, 0.0, 0.0, 0.6253547668457031, 0.30988192558288574, 0.0]
[-0.8897758722305298, 0.45639777183532715, -0.040584005415439606, 0.02080203965306282, 0.0, 0.0, 0.0, 0.0, 0.0, 0.0, 0.0, 0.6245412826538086, 0.3088531792163849, 0.0]
[-0.8895636200904846, 0.4568113088607788, -0.04488949477672577, 0.023039868101477623, 0.0, 0.0, 0.0, 0.0, 0.0, 0.0, 0.0, 0.6236293315887451, 0.30759403109550476, 0.0]
[-0.8893285393714905, 0.45726874470710754, -0.049187205731868744, 0.025276144966483116, 0.0, 0.0, 0.0, 0.0, 0.0, 0.0, 0.0, 0.6226298809051514, 0.30621984601020813, 0.0]
[-0.8890706896781921, 0.4577699601650238, -0.05347393825650215, 0.02751544676721096, 0.0, 0.0, 0.0, 0.0, 0.0, 0.0, 0.0, 0.6215428709983826, 0.30473101139068604, 0.0]
[-0.8889304399490356, 0.458042174577713, -0.05775735154747963, 0.029750466346740723, 0.0, 0.0, 0.0, 0.0, 0.0, 0.0, 0.0, 0.6203367114067078, 0.30279237031936646, 0.0]
[-0.8886269330978394, 0.4586307406425476, -0.06202404946088791, 0.03198712691664696, 0.0, 0.0, 0.0, 0.0, 0.0, 0.0, 0.0, 0.6190752983093262, 0.30107632279396057, 0.0]
[-0.8884639143943787, 0.45894649624824524, -0.06628411263227463, 0.03422588109970093, 0.0, 0.0, 0.0, 0.0, 0.0, 0.0, 0.0, 0.617689311504364, 0.29885604977607727, 0.0]
[-0.8882895112037659, 0.4592839479446411, -0.07053732872009277, 0.03645488992333412, 0.0, 0.0, 0.0, 0.0, 0.0, 0.0, 0.0, 0.616213858127594, 0.2964959144592285, 0.0]
[-0.888103723526001, 0.45964303612709045, -0.0747780129313469, 0.038683705031871796, 0.0, 0.0, 0.0, 0.0, 0.0, 0.0, 0.0, 0.6146490573883057, 0.29399654269218445, 0.0]
[-0.888103723526001, 0.45964303612709045, -0.07902198284864426, 0.040898267179727554, 0.0, 0.0, 0.0, 0.0, 0.0, 0.0, 0.0, 0.6129492521286011, 0.29088231921195984, 0.0]
[-0.8883119225502014, 0.4592406153678894, -0.08326508104801178, 0.043069176375865936, 0.0, 0.0, 0.0, 0.0, 0.0, 0.0, 0.0, 0.6111095547676086, 0.28709447383880615, 0.0]
[-0.8887503147125244, 0.45839163661003113, -0.08750996738672256, 0.04518549516797066, 0.0, 0.0, 0.0, 0.0, 0.0, 0.0, 0.0, 0.6091248393058777, 0.2825689911842346, 0.0]
[-0.8889800906181335, 0.457945853471756, -0.09175480157136917, 0.0472940057516098, 0.0, 0.0, 0.0, 0.0, 0.0, 0.0, 0.0, 0.6071008443832397, 0.2783847451210022, 0.0]
[-0.889220654964447, 0.45747852325439453, -0.09597976505756378, 0.04940934479236603, 0.0, 0.0, 0.0, 0.0, 0.0, 0.0, 0.0, 0.6049846410751343, 0.27400246262550354, 0.0]
[-0.8897234797477722, 0.456499844789505, -0.10019738227128983, 0.05147607997059822, 0.0, 0.0, 0.0, 0.0, 0.0, 0.0, 0.0, 0.6027138829231262, 0.2687825560569763, 0.0]
[-0.8905094861984253, 0.45496466755867004, -0.10442229360342026, 0.05345882847905159, 0.0, 0.0, 0.0, 0.0, 0.0, 0.0, 0.0, 0.6002826690673828, 0.2626481056213379, 0.0]
[-0.8910528421401978, 0.4538995623588562, -0.1086520180106163, 0.05542571097612381, 0.0, 0.0, 0.0, 0.0, 0.0, 0.0, 0.0, 0.5978267788887024, 0.25695347785949707, 0.0]
[-0.8916164636611938, 0.4527914524078369, -0.11285825073719025, 0.05739807337522507, 0.0, 0.0, 0.0, 0.0, 0.0, 0.0, 0.0, 0.595278263092041, 0.25102075934410095, 0.0]
[-0.8922000527381897, 0.45164039731025696, -0.11705544590950012, 0.05934618040919304, 0.0, 0.0, 0.0, 0.0, 0.0, 0.0, 0.0, 0.5926375389099121, 0.24484848976135254, 0.0]
[-0.892803430557251, 0.4504465162754059, -0.12124326080083847, 0.061269234865903854, 0.0, 0.0, 0.0, 0.0, 0.0, 0.0, 0.0, 0.5899052023887634, 0.23843511939048767, 0.0]
[-0.893738329410553, 0.44858863949775696, -0.12542477250099182, 0.06311175972223282, 0.0, 0.0, 0.0, 0.0, 0.0, 0.0, 0.0, 0.5869928598403931, 0.230901300907135, 0.0]
[-0.8947006464004517, 0.44666633009910583, -0.12961888313293457, 0.06487902253866196, 0.0, 0.0, 0.0, 0.0, 0.0, 0.0, 0.0, 0.5839872360229492, 0.22307252883911133, 0.0]
[-0.8960210084915161, 0.4440116882324219, -0.1338089555501938, 0.06654711067676544, 0.0, 0.0, 0.0, 0.0, 0.0, 0.0, 0.0, 0.5807886719703674, 0.2139655202627182, 0.0]
[-0.8973740339279175, 0.441270649433136, -0.13801643252372742, 0.06812209635972977, 0.0, 0.0, 0.0, 0.0, 0.0, 0.0, 0.0, 0.5774942636489868, 0.20449253916740417, 0.0]
[-0.8984113931655884, 0.4391547739505768, -0.14221470057964325, 0.06971817463636398, 0.0, 0.0, 0.0, 0.0, 0.0, 0.0, 0.0, 0.5742167234420776, 0.1957327425479889, 0.0]
[-0.8991191983222961, 0.4377038776874542, -0.14637543261051178, 0.07139980047941208, 0.0, 0.0, 0.0, 0.0, 0.0, 0.0, 0.0, 0.570965588092804, 0.1877899467945099, 0.0]
[-0.8998445272445679, 0.4362107515335083, -0.15049757063388824, 0.07310576736927032, 0.0, 0.0, 0.0, 0.0, 0.0, 0.0, 0.0, 0.5676270723342896, 0.17959028482437134, 0.0]
[-0.9005871415138245, 0.43467554450035095, -0.15460744500160217, 0.07478092610836029, 0.0, 0.0, 0.0, 0.0, 0.0, 0.0, 0.0, 0.5642018914222717, 0.17113135755062103, 0.0]
[-0.9013466238975525, 0.4330984055995941, -0.1587047576904297, 0.07642463594675064, 0.0, 0.0, 0.0, 0.0, 0.0, 0.0, 0.0, 0.5606906414031982, 0.1624106466770172, 0.0]
[-0.9021227955818176, 0.43147942423820496, -0.16278912127017975, 0.07803625613451004, 0.0, 0.0, 0.0, 0.0, 0.0, 0.0, 0.0, 0.5570939183235168, 0.15342551469802856, 0.0]
[-0.9033119082450867, 0.4289843440055847, -0.16686351597309113, 0.07951994240283966, 0.0, 0.0, 0.0, 0.0, 0.0, 0.0, 0.0, 0.5532635450363159, 0.14276862144470215, 0.0]
[-0.9049273729324341, 0.4255659878253937, -0.17096485197544098, 0.08078684657812119, 0.0, 0.0, 0.0, 0.0, 0.0, 0.0, 0.0, 0.5491876006126404, 0.13027921319007874, 0.0]
[-0.906979501247406, 0.42117470502853394, -0.17509689927101135, 0.08181509375572205, 0.0, 0.0, 0.0, 0.0, 0.0, 0.0, 0.0, 0.5448514819145203, 0.11575953662395477, 0.0]
[-0.9090549349784851, 0.41667622327804565, -0.17925989627838135, 0.08269250392913818, 0.0, 0.0, 0.0, 0.0, 0.0, 0.0, 0.0, 0.5404173135757446, 0.10065806657075882, 0.0]
[-0.9115763306617737, 0.4111309051513672, -0.18341775238513947, 0.08338294178247452, 0.0, 0.0, 0.0, 0.0, 0.0, 0.0, 0.0, 0.5356946587562561, 0.0831613689661026, 0.0]
[-0.9145453572273254, 0.4044833779335022, -0.18761183321475983, 0.08377844840288162, 0.0, 0.0, 0.0, 0.0, 0.0, 0.0, 0.0, 0.5306602716445923, 0.06294635683298111, 0.0]
[-0.9179590940475464, 0.39667508006095886, -0.19184324145317078, 0.08385424315929413, 0.0, 0.0, 0.0, 0.0, 0.0, 0.0, 0.0, 0.5252854228019714, 0.03960862010717392, 0.0]
[-0.9218091368675232, 0.3876439929008484, -0.1961117684841156, 0.08358462154865265, 0.0, 0.0, 0.0, 0.0, 0.0, 0.0, 0.0, 0.5195351839065552, 0.012637765146791935, 0.0]
[-0.9256380200386047, 0.37841010093688965, -0.20041528344154358, 0.08308262377977371, 0.0, 0.0, 0.0, 0.0, 0.0, 0.0, 0.0, 0.5136308670043945, 0.0, 0.0]
[-0.929879367351532, 0.36786457896232605, -0.20470447838306427, 0.08230767399072647, 0.0, 0.0, 0.0, 0.0, 0.0, 0.0, 0.0, 0.5072857141494751, 0.0, 0.0]
[-0.9336353540420532, 0.3582248389720917, -0.20902682840824127, 0.08142323791980743, 0.0, 0.0, 0.0, 0.0, 0.0, 0.0, 0.0, 0.5010582208633423, 0.0, 0.0]
[-0.936927855014801, 0.34952282905578613, -0.2132878452539444, 0.08068103343248367, 0.0, 0.0, 0.0, 0.0, 0.0, 0.0, 0.0, 0.4949808716773987, 0.0, 0.0]
[-0.9406116604804993, 0.3394845426082611, -0.20777088403701782, 0.07628428190946579, 0.0, 0.0, 0.0, 0.0, 0.0, 0.0, 0.0, 0.4885750412940979, 0.0, 0.0]
[-0.9444849491119385, 0.3285546600818634, -0.20230282843112946, 0.07173270732164383, 0.0, 0.0, 0.0, 0.0, 0.0, 0.0, 0.0, 0.48193368315696716, 0.0, 0.0]
[-0.9481199383735657, 0.31791287660598755, -0.20663295686244965, 0.07055843621492386, 0.0, 0.0, 0.0, 0.0, 0.0, 0.0, 0.0, 0.4752466678619385, 0.0, 0.0]
[-0.9520691633224487, 0.30588293075561523, -0.21088917553424835, 0.06920643895864487, 0.0, 0.0, 0.0, 0.0, 0.0, 0.0, 0.0, 0.46795421838760376, 0.0, 0.0]
[-0.9559271335601807, 0.2936039865016937, -0.21515586972236633, 0.06757685542106628, 0.0, 0.0, 0.0, 0.0, 0.0, 0.0, 0.0, 0.4604053199291229, 0.0, 0.0]
[-0.9600458145141602, 0.27984288334846497, -0.2193734347820282, 0.06563150137662888, 0.0, 0.0, 0.0, 0.0, 0.0, 0.0, 0.0, 0.4521229565143585, 0.0, 0.0]
[-0.9640250205993652, 0.2658114731311798, -0.22358879446983337, 0.0633818507194519, 0.0, 0.0, 0.0, 0.0, 0.0, 0.0, 0.0, 0.4435102939605713, 0.0, 0.0]
[-0.9675195813179016, 0.2527960240840912, -0.2177925705909729, 0.05852339789271355, 0.0, 0.0, 0.0, 0.0, 0.0, 0.0, 0.0, 0.435215562582016, 0.0, 0.0]
[-0.9710509181022644, 0.23887263238430023, -0.22195948660373688, 0.056268107146024704, 0.0, 0.0, 0.0, 0.0, 0.0, 0.0, 0.0, 0.42630550265312195, 0.0, 0.0]
[-0.9744314551353455, 0.22468507289886475, -0.2260756492614746, 0.05384170636534691, 0.0, 0.0, 0.0, 0.0, 0.0, 0.0, 0.0, 0.4170159697532654, 0.0, 0.0]
[-0.9776504635810852, 0.21023689210414886, -0.2301355004310608, 0.051247745752334595, 0.0, 0.0, 0.0, 0.0, 0.0, 0.0, 0.0, 0.407321572303772, 0.0, 0.0]
[-0.9809650778770447, 0.1941840797662735, -0.23410451412200928, 0.04831049591302872, 0.0, 0.0, 0.0, 0.0, 0.0, 0.0, 0.0, 0.3964878022670746, 0.0, 0.0]
[-0.9840565919876099, 0.1778557449579239, -0.23803333938121796, 0.04503905773162842, 0.0, 0.0, 0.0, 0.0, 0.0, 0.0, 0.0, 0.38510867953300476, 0.0, 0.0]
[-0.98668372631073, 0.1626506894826889, -0.24191966652870178, 0.041772983968257904, 0.0, 0.0, 0.0, 0.0, 0.0, 0.0, 0.0, 0.3739662766456604, 0.0, 0.0]
[-0.9893159866333008, 0.14578720927238464, -0.24565757811069489, 0.0383172482252121, 0.0, 0.0, 0.0, 0.0, 0.0, 0.0, 0.0, 0.3613896071910858, 0.0, 0.0]
[-0.9915005564689636, 0.1301024854183197, -0.24937956035137177, 0.03470773622393608, 0.0, 0.0, 0.0, 0.0, 0.0, 0.0, 0.0, 0.3490845263004303, 0.0, 0.0]
[-0.9936259388923645, 0.11272747814655304, -0.25293833017349243, 0.030912790447473526, 0.0, 0.0, 0.0, 0.0, 0.0, 0.0, 0.009882526472210884, 0.33509761095046997, 0.0, 0.0]
[-0.9956104159355164, 0.09359462559223175, -0.25636452436447144, 0.02656046859920025, 0.0, 0.0, 0.0, 0.0, 0.0, 0.0, 0.05426381528377533, 0.319118469953537, 0.0, 0.0]
[-0.9973585605621338, 0.07263548672199249, -0.25963133573532104, 0.021624375134706497, 0.0, 0.0, 0.0, 0.0, 0.0, 0.0, 0.09887667000293732, 0.3007502257823944, 0.0, 0.0]
[-0.9985941052436829, 0.053007837384939194, -0.26283907890319824, 0.01651623286306858, 0.0, 0.0, 0.0, 0.0, 0.0, 0.0, 0.13711285591125488, 0.28242313861846924, 0.0, 0.0]
[-0.9995025992393494, 0.03153647854924202, -0.26582226157188416, 0.0112168462947011, 0.0, 0.0, 0.0, 0.0, 0.0, 0.0, 0.1757388561964035, 0.2611621618270874, 0.0, 0.0]
[-0.9999516606330872, 0.009830128401517868, -0.26865822076797485, 0.005527660716325045, 0.0, 0.0, 0.0, 0.0, 0.0, 0.0, 0.2117232382297516, 0.23811794817447662, 0.0, 0.0]
[-0.9999268054962158, -0.012097598984837532, -0.27132636308670044, -0.0003380878479219973, 0.0, 0.0, 0.0, 0.0, 0.0, 0.0, 0.24534638226032257, 0.21304160356521606, 0.0, 0.0]
[-0.9994139075279236, -0.034232497215270996, -0.2738194465637207, -0.006375455297529697, 0.0, 0.0, 0.0, 0.0, 0.0, 0.0, 0.2768513858318329, 0.1856350153684616, 0.0, 0.0]
[-0.9983991980552673, -0.05655976012349129, -0.2761302888393402, -0.01257916260510683, 0.0, 0.0, 0.0, 0.0, 0.0, 0.03656671196222305, 0.30645009875297546, 0.1555381715297699, 0.0, 0.0]
[-0.9967306852340698, -0.08079558610916138, -0.2781462073326111, -0.01918053813278675, 0.0, 0.0, 0.0, 0.0, 0.0, 0.09506192058324814, 0.3363071084022522, 0.11950091272592545, 0.0, 0.0]
[-0.9946346282958984, -0.10345003753900528, -0.2800453305244446, -0.02594039775431156, 0.0, 0.0, 0.0, 0.0, 0.0, 0.1445779800415039, 0.36249181628227234, 0.08233087509870529, 0.0, 0.0]
[-0.9919986724853516, -0.12624825537204742, -0.2817581295967102, -0.032607272267341614, 0.0, 0.0, 0.0, 0.0, 0.0, 0.1900251805782318, 0.38727644085884094, 0.04076659306883812, 0.0, 0.0]
[-0.9885436296463013, -0.15093553066253662, -0.2831328809261322, -0.03965650498867035, 0.0, 0.0, 0.0, 0.0, 0.0, 0.23476827144622803, 0.4123684763908386, 0.0, 0.0, 0.0]
[-0.9844394326210022, -0.17572437226772308, -0.2842380404472351, -0.04709126427769661, 0.0, 0.0, 0.0, 0.0, 0.0, 0.275861531496048, 0.43608012795448303, 0.0, 0.0, 0.0]
[-0.9792989492416382, -0.20241917669773102, -0.28494909405708313, -0.05490272119641304, 0.0, 0.0, 0.0, 0.0, 0.027819523587822914, 0.316157728433609, 0.4599275290966034, 0.0, 0.0, 0.0]
[-0.9733899235725403, -0.22915519773960114, -0.28533419966697693, -0.06309521198272705, 0.0, 0.0, 0.0, 0.0, 0.10157766193151474, 0.3532046973705292, 0.48243623971939087, 0.0, 0.0, 0.0]
[-0.9662007093429565, -0.25779101252555847, -0.28526344895362854, -0.07165005803108215, 0.0, 0.0, 0.0, 0.0, 0.17067851126194, 0.38941213488578796, 0.5049417018890381, 0.0, 0.0, 0.0]
[-0.9581143856048584, -0.28638574481010437, -0.2848043441772461, -0.08057263493537903, 0.0, 0.0, 0.0, 0.0, 0.23170210421085358, 0.4227428734302521, 0.526166558265686, 0.0, 0.0, 0.0]
[-0.949122965335846, -0.3149057924747467, -0.2840118706226349, -0.08957278728485107, 0.0, 0.0, 0.0, 0.0, 0.28603479266166687, 0.453555703163147, 0.5462368726730347, 0.0, 0.0, 0.0]
[-0.9385116100311279, -0.34524762630462646, -0.28268083930015564, -0.09889429807662964, 0.0, 0.0, 0.0, 0.03473660722374916, 0.33743035793304443, 0.48365920782089233, 0.5662150382995605, 0.0, 0.0, 0.0]
[-0.9268626570701599, -0.3754006624221802, -0.28087857365608215, -0.10854528844356537, 0.0, 0.0, 0.0, 0.1284816712141037, 0.3834517300128937, 0.5115187764167786, 0.5850946307182312, 0.0, 0.0, 0.0]
[-0.9150141477584839, -0.4034217298030853, -0.2789127826690674, -0.11796903610229492, 0.0, 0.0, 0.0, 0.20436102151870728, 0.42289167642593384, 0.5361894965171814, 0.6021987795829773, 0.0, 0.0, 0.0]
[-0.9013404250144958, -0.4331113398075104, -0.2764769494533539, -0.1273670345544815, 0.0, 0.0, 0.0, 0.27407610416412354, 0.46075430512428284, 0.5604363679885864, 0.6192507147789001, 0.0, 0.0, 0.0]
[-0.886625349521637, -0.4624883532524109, -0.2735273241996765, -0.13704507052898407, 0.0, 0.0, 0.0, 0.3349210321903229, 0.4952745735645294, 0.5831196308135986, 0.6354859471321106, 0.0, 0.0, 0.0]
[-0.8708717226982117, -0.4915103614330292, -0.27018454670906067, -0.14669497311115265, 0.0, 0.0, 0.09698569029569626, 0.3885391354560852, 0.5269097089767456, 0.6044099926948547, 0.6509805917739868, 0.0, 0.0, 0.0]
[-0.8540841937065125, -0.5201347470283508, -0.26644715666770935, -0.1562994122505188, 0.0, 0.0, 0.19418123364448547, 0.43619295954704285, 0.5560384392738342, 0.6244552731513977, 0.6658024787902832, 0.0, 0.0, 0.0]
[-0.8362693190574646, -0.5483189225196838, -0.26231443881988525, -0.16584092378616333, 0.0, 0.0, 0.2761740982532501, 0.4788685142993927, 0.5829772353172302, 0.6433842778205872, 0.6800128221511841, 0.0, 0.0, 0.0]
[-0.8174355626106262, -0.5760200619697571, -0.25778648257255554, -0.17530196905136108, 0.0, 0.0, 0.34633728861808777, 0.5173472762107849, 0.6079925298690796, 0.6613097786903381, 0.6936666369438171, 0.0, 0.0, 0.0]
[-0.7975932359695435, -0.6031956672668457, -0.25286415219306946, -0.18466486036777496, 0.0, 0.08145058900117874, 0.4071162939071655, 0.5522564053535461, 0.6313105225563049, 0.6783310174942017, 0.7068139314651489, 0.0, 0.0, 0.0]
[-0.7767547369003296, -0.6298032402992249, -0.2475491315126419, -0.19391192495822906, 0.0, 0.19691206514835358, 0.46032750606536865, 0.5841054916381836, 0.6531243920326233, 0.6945357322692871, 0.7195000052452087, 0.0, 0.0, 0.0]
[-0.7549340724945068, -0.6558007001876831, -0.24184386432170868, -0.2030254751443863, 0.0, 0.2917441725730896, 0.5073482394218445, 0.6133126020431519, 0.6736003160476685, 0.7100019454956055, 0.7317664623260498, 0.0, 0.0, 0.0]
[-0.7321474552154541, -0.6811461448669434, -0.235751673579216, -0.21198785305023193, 0.0, 0.3710910975933075, 0.5492421388626099, 0.6402242183685303, 0.6928820013999939, 0.7247993350028992, 0.7436514496803284, 0.0, 0.0, 0.0]
[-0.7099564075469971, -0.7042456269264221, -0.22960291802883148, -0.22061145305633545, 0.07257641851902008, 0.43570199608802795, 0.5854279398918152, 0.6642996668815613, 0.7105692625045776, 0.7386500835418701, 0.7549775242805481, 0.0, 0.0, 0.0]
[-0.6884799599647522, -0.7252553701400757, -0.2236642837524414, -0.2286708801984787, 0.19797904789447784, 0.48961585760116577, 0.6171859502792358, 0.6861059665679932, 0.7269657850265503, 0.7517387866973877, 0.7658681273460388, 0.0, 0.0, 0.0]
[-0.6646854281425476, -0.7471233010292053, -0.21730932593345642, -0.23649363219738007, 0.3050943911075592, 0.5393671989440918, 0.6474959254264832, 0.707308828830719, 0.7430945634841919, 0.7647128105163574, 0.7767173647880554, 0.0, 0.0, 0.0]
[-0.6417416334152222, -0.7669209241867065, -0.21071134507656097, -0.24423754215240479, 0.3895106613636017, 0.5818234086036682, 0.6744769215583801, 0.7267223596572876, 0.7581855058670044, 0.7770776748657227, 0.7872355580329895, 0.0, 0.0, 0.0]
[-0.6164103150367737, -0.7874251008033752, -0.20371034741401672, -0.2517092823982239, 0.4640302360057831, 0.621431827545166, 0.7003319263458252, 0.7456198930740356, 0.773025393486023, 0.7893213629722595, 0.7976990938186646, 0.0, 0.0, 0.0]
[-0.5903229117393494, -0.8071671724319458, -0.19611790776252747, -0.25919538736343384, 0.5273438096046448, 0.6570351123809814, 0.7243056297302246, 0.7635065913200378, 0.7872889041900635, 0.8012375831604004, 0.8079944849014282, 0.0, 0.0, 0.0]
[-0.5635021328926086, -0.8261145949363708, -0.18820402026176453, -0.26645389199256897, 0.5818501710891724, 0.6892454624176025, 0.7466227412223816, 0.7804840207099915, 0.8010287880897522, 0.8128575086593628, 0.8181431293487549, 0.0, 0.0, 0.0]
[-0.5378100275993347, -0.8430660367012024, -0.180342435836792, -0.27337777614593506, 0.6277462244033813, 0.717749297618866, 0.7670034766197205, 0.7963531613349915, 0.8141198754310608, 0.8241201043128967, 0.8281440734863281, 0.0, 0.0, 0.0]
[-0.5096238255500793, -0.8603973388671875, -0.17211449146270752, -0.27996090054512024, 0.6697674989700317, 0.7446929216384888, 0.786622166633606, 0.8118106126785278, 0.8269780278205872, 0.8352504372596741, 0.8380722999572754, 0.0, 0.0, 0.0]
[-0.48077940940856934, -0.8768416047096252, -0.1583293378353119, -0.27742496132850647, 0.7064108848571777, 0.768976092338562, 0.8046672940254211, 0.8262330293655396, 0.8391076922416687, 0.8458453416824341, 0.8475968241691589, 0.0, 0.0, 0.0]
[-0.4522351324558258, -0.8918987512588501, -0.1496235728263855, -0.2837028205394745, 0.738756000995636, 0.7911807894706726, 0.821566104888916, 0.8399876356124878, 0.8508538007736206, 0.8562479019165039, 0.8570743203163147, 0.0, 0.0, 0.0]
[-0.42309948801994324, -0.9060832262039185, -0.14093488454818726, -0.28954800963401794, 0.7679749131202698, 0.8118334412574768, 0.837597131729126, 0.8532329201698303, 0.8623060584068298, 0.8665026426315308, 0.866515040397644, 0.0, 0.0, 0.0]
[-0.3934001624584198, -0.9193673729896545, -0.1319735050201416, -0.29511773586273193, 0.7945241332054138, 0.8311124444007874, 0.8528445959091187, 0.8660145401954651, 0.8734927177429199, 0.8766298294067383, 0.87593674659729, 0.0, 0.0, 0.0]
[-0.36316612362861633, -0.9317244291305542, -0.1227492094039917, -0.30039915442466736, 0.8187761306762695, 0.8491706252098083, 0.8673833012580872, 0.8783740997314453, 0.8844401240348816, 0.8866492509841919, 0.8853575587272644, 0.0, 0.0, 0.0]
[-0.33505547046661377, -0.9421983957290649, 0.10081208497285843, 0.2702106833457947, 0.8095603585243225, 0.8397876024246216, 0.8580104112625122, 0.8689355850219727, 0.8747662901878357, 0.8765079379081726, 0.874439001083374, 0.0, 0.0, 0.0]
[-0.3074621260166168, -0.9515603184700012, 0.09009366482496262, 0.26517564058303833, 0.8007617592811584, 0.8307281136512756, 0.8488671183586121, 0.8596429228782654, 0.8651599884033203, 0.8663525581359863, 0.8634103536605835, 0.0, 0.0, 0.0]
[-0.2804168462753296, -0.9598783254623413, 0.08003368228673935, 0.2598404288291931, 0.792335033416748, 0.8219646215438843, 0.839938759803772, 0.8504902720451355, 0.8556210398674011, 0.8561866283416748, 0.8522768616676331, 0.0, 0.0, 0.0]
[-0.25394609570503235, -0.9672183990478516, 0.07061086595058441, 0.2542458772659302, 0.7842433452606201, 0.8134744763374329, 0.8312134742736816, 0.8414730429649353, 0.8461500406265259, 0.8460142612457275, 0.8410441279411316, 0.0, 0.0, 0.0]
[-0.22629806399345398, -0.9740580916404724, 0.06156538054347038, 0.2484048455953598, 0.7767440676689148, 0.805388331413269, 0.8227447867393494, 0.8325886130332947, 0.8366958498954773, 0.8357347249984741, 0.8295525908470154, 0.0, 0.0, 0.0]
[-0.19930730760097504, -0.9799370169639587, 0.05290858447551727, 0.24241451919078827, 0.769489049911499, 0.7975167036056519, 0.8144406080245972, 0.823813259601593, 0.8272891640663147, 0.8254289627075195, 0.81793612241745, 0.0, 0.0, 0.0]
[-0.17468097805976868, -0.9846251010894775, 0.045073725283145905, 0.23627489805221558, 0.7622170448303223, 0.7897264361381531, 0.8062542080879211, 0.8151662945747375, 0.8180080056190491, 0.8152346611022949, 0.8064020872116089, 0.0, 0.0, 0.0]
[-0.14906035363674164, -0.9888281226158142, 0.0393533781170845, 0.2401258647441864, 0.7549598813056946, 0.7818555235862732, 0.7978975176811218, 0.8062582612037659, 0.8083632588386536, 0.8045480847358704, 0.7941977381706238, 0.0, 0.0, 0.0]
[-0.12131137400865555, -0.9926145076751709, 0.031968455761671066, 0.23351013660430908, 0.7482948303222656, 0.7743582725524902, 0.7897413969039917, 0.7973978519439697, 0.7986122369766235, 0.7935774326324463, 0.7814744114875793, 0.0, 0.0, 0.0]
[-0.09259769320487976, -0.9957035779953003, 0.0245071854442358, 0.22679895162582397, 0.7420000433921814, 0.7671095728874207, 0.7817209959030151, 0.7885621190071106, 0.7887641787528992, 0.78235924243927, 0.7682933211326599, 0.0, 0.0, 0.0]
[-0.06296886503696442, -0.9980154633522034, 0.017271433025598526, 0.21994751691818237, 0.7360202074050903, 0.7600672841072083, 0.7737998366355896, 0.7797145843505859, 0.7787774801254272, 0.7708396911621094, 0.7545764446258545, 0.0, 0.0, 0.0]
[-0.03426028788089752, -0.9994129538536072, 0.010472345165908337, 0.21300606429576874, 0.7301254868507385, 0.7531245946884155, 0.7659587264060974, 0.7709075212478638, 0.7687710523605347, 0.7592092156410217, 0.7406007647514343, 0.0, 0.0, 0.0]
[-0.00648243073374033, -0.9999789595603943, 0.004296137485653162, 0.20598392188549042, 0.7243204712867737, 0.7462846040725708, 0.7582024335861206, 0.7621480822563171, 0.758754551410675, 0.7474790811538696, 0.7263763546943665, 0.0, 0.0, 0.0]
[0.020358089357614517, -0.999792754650116, -0.0012862782459706068, 0.1989102065563202, 0.7186096906661987, 0.739550769329071, 0.7505360841751099, 0.7534439563751221, 0.7487382888793945, 0.7356614470481873, 0.7119147777557373, 0.0, 0.0, 0.0]
[0.04625807702541351, -0.998929500579834, -0.006303566042333841, 0.19181068241596222, 0.712997555732727, 0.7329269051551819, 0.7429653406143188, 0.7448034286499023, 0.7387332916259766, 0.7237697243690491, 0.6972295641899109, 0.0, 0.0, 0.0]
[0.06973440945148468, -0.9975655674934387, -0.010654513724148273, 0.1847585290670395, 0.7073896527290344, 0.7264061570167542, 0.7355571389198303, 0.7363646030426025, 0.7289566993713379, 0.7121204733848572, 0.6827771067619324, 0.0, 0.0, 0.0]
[0.09376394003629684, -0.9955944418907166, -0.014494454488158226, 0.17768600583076477, 0.7019976377487183, 0.7200233340263367, 0.7282053828239441, 0.7278895974159241, 0.7190259695053101, 0.7001477479934692, 0.6677269339561462, 0.0, 0.0, 0.0]
[0.11686054617166519, -0.9931483268737793, -0.017994804307818413, 0.17063851654529572, 0.6967170238494873, 0.7137632966041565, 0.7209683060646057, 0.7195060849189758, 0.7091443538665771, 0.6881488561630249, 0.6525065302848816, 0.0, 0.0, 0.0]
[0.13771449029445648, -0.9904719591140747, -0.020938420668244362, 0.1636866182088852, 0.6914930939674377, 0.7076494693756104, 0.7139385938644409, 0.7113778591156006, 0.6995596885681152, 0.6764827966690063, 0.6376396417617798, 0.0, 0.0, 0.0]
[0.15650127828121185, -0.9876777529716492, -0.02326829917728901, 0.15685635805130005, 0.6863600611686707, 0.701707661151886, 0.7071400284767151, 0.7035311460494995, 0.6903048753738403, 0.6651954054832458, 0.6231959462165833, 0.0, 0.0, 0.0]
[0.17450092732906342, -0.9846569895744324, -0.02693433314561844, 0.16027265787124634, 0.6810042858123779, 0.6955683827400208, 0.7001476287841797, 0.6954753994941711, 0.680803120136261, 0.6535871028900146, 0.6082858443260193, 0.0, 0.0, 0.0]
[0.1928882598876953, -0.9812207221984863, -0.03060813993215561, 0.16358113288879395, 0.6754719614982605, 0.6892054677009583, 0.6928707361221313, 0.6870526075363159, 0.670814573764801, 0.6413038969039917, 0.5923759937286377, 0.0, 0.0, 0.0]
[0.21164685487747192, -0.9773461818695068, -0.034478768706321716, 0.16674478352069855, 0.6697579622268677, 0.6826112270355225, 0.6852976679801941, 0.6782446503639221, 0.6603102684020996, 0.6282980442047119, 0.5753800868988037, 0.0, 0.0, 0.0]
[0.22957317531108856, -0.9732913970947266, -0.03607824444770813, 0.15976980328559875, 0.6642055511474609, 0.6761857867240906, 0.6778907179832458, 0.6695910096168518, 0.6499344110488892, 0.6153649091720581, 0.5583292841911316, 0.0, 0.0, 0.0]
[0.24788020551204681, -0.9687907099723816, -0.037509333342313766, 0.1528242826461792, 0.6588279604911804, 0.6698700785636902, 0.6705226302146912, 0.6608892679214478, 0.6393885612487793, 0.6020674705505371, 0.5405580401420593, 0.0, 0.0, 0.0]
[0.2642992436885834, -0.9644407033920288, -0.03862795978784561, 0.14601033926010132, 0.6536015272140503, 0.6637827157974243, 0.6634485125541687, 0.6525459289550781, 0.6292718052864075, 0.5892803072929382, 0.5233848094940186, 0.0, 0.0, 0.0]
[0.27998650074005127, -0.9600039124488831, -0.039352718740701675, 0.13932660222053528, 0.6485422253608704, 0.6578717231750488, 0.6565530896186829, 0.6443770527839661, 0.6193138360977173, 0.5766100883483887, 0.5062161684036255, 0.0, 0.0, 0.0]
[0.2959442138671875, -0.9552052021026611, -0.03985373303294182, 0.13270895183086395, 0.6436423063278198, 0.6520673036575317, 0.6497054696083069, 0.6361813545227051, 0.609220564365387, 0.5636237859725952, 0.48838216066360474, 0.0, 0.0, 0.0]
[0.3101974129676819, -0.9506721496582031, -0.040095940232276917, 0.12622316181659698, 0.6389189958572388, 0.6465162634849548, 0.6431821584701538, 0.6283856630325317, 0.5996171832084656, 0.5512413382530212, 0.47129687666893005, 0.0, 0.0, 0.0]
[0.32465246319770813, -0.9458333849906921, -0.040064871311187744, 0.11983241885900497, 0.6343493461608887, 0.6410742402076721, 0.6367173790931702, 0.6205834150314331, 0.5899103283882141, 0.5385887622833252, 0.4536074697971344, 0.0, 0.0, 0.0]
[0.3392571210861206, -0.9406936764717102, -0.03989371657371521, 0.11350006610155106, 0.6299231648445129, 0.6357343196868896, 0.6303064823150635, 0.6127707362174988, 0.5800946354866028, 0.5256546139717102, 0.435280978679657, 0.0, 0.0, 0.0]
[0.3530874252319336, -0.9355903267860413, -0.03953377902507782, 0.10726530104875565, 0.6256613731384277, 0.6305811405181885, 0.624099850654602, 0.6051763892173767, 0.5705048441886902, 0.5129337310791016, 0.41708630323410034, 0.0, 0.0, 0.0]
[0.36698219180107117, -0.9302279949188232, -0.03897658735513687, 0.10111735016107559, 0.6215348243713379, 0.6255296468734741, 0.6179539561271667, 0.5975857973098755, 0.5608280897140503, 0.49995940923690796, 0.39827853441238403, 0.0, 0.0, 0.0]
[0.3800787329673767, -0.9249541163444519, -0.03823898360133171, 0.09507028013467789, 0.6175758838653564, 0.6206737756729126, 0.6120283603668213, 0.5902388095855713, 0.5514150857925415, 0.4872543513774872, 0.37968286871910095, 0.0, 0.0, 0.0]
[0.39239296317100525, -0.9197976589202881, -0.037284839898347855, 0.08914132416248322, 0.6137900948524475, 0.6160213351249695, 0.6063342690467834, 0.5831522941589355, 0.5422918200492859, 0.47486013174057007, 0.36136969923973083, 0.0, 0.0, 0.0]
[0.40394046902656555, -0.9147852659225464, -0.036130089312791824, 0.08332755416631699, 0.6101831197738647, 0.611579954624176, 0.6008830666542053, 0.5763432383537292, 0.5334845781326294, 0.4628193974494934, 0.34341326355934143, 0.0, 0.0, 0.0]
[0.4147363305091858, -0.9099416136741638, -0.03478991985321045, 0.07762540876865387, 0.6067604422569275, 0.6073572039604187, 0.5956858992576599, 0.5698285102844238, 0.5250197052955627, 0.4511757493019104, 0.32589128613471985, 0.0, 0.0, 0.0]
[0.4241984188556671, -0.9055692553520203, -0.03326039016246796, 0.07204855233430862, 0.6035698652267456, 0.6034488677978516, 0.5908935070037842, 0.5638309717178345, 0.5172265768051147, 0.4404352903366089, 0.3096504509449005, 0.0, 0.0, 0.0]
[0.43245184421539307, -0.9016570448875427, -0.03153979033231735, 0.06659805029630661, 0.6006160974502563, 0.5998551249504089, 0.5865033864974976, 0.5583472847938538, 0.510103702545166, 0.4306055009365082, 0.29472774267196655, 0.0, 0.0, 0.0]
[0.4405756890773773, -0.8977154493331909, -0.029681608080863953, 0.061234213411808014, 0.5978236198425293, 0.5964200496673584, 0.5822696685791016, 0.5530161261558533, 0.5031225085258484, 0.42088374495506287, 0.2797996401786804, 0.0, 0.0, 0.0]
[0.4480458199977875, -0.894010603427887, -0.02772173285484314, 0.055947884917259216, 0.5952353477478027, 0.593229353427887, 0.5783272385597229, 0.5480368137359619, 0.49657773971557617, 0.41172415018081665, 0.26563000679016113, 0.0, 0.0, 0.0]
[0.45445919036865234, -0.8907675743103027, -0.02564164064824581, 0.05075284466147423, 0.5928918123245239, 0.5903589129447937, 0.5747936367988586, 0.5435830950737, 0.4907280206680298, 0.40353089570999146, 0.2529160678386688, 0.0, 0.0, 0.0]
[0.46027934551239014, -0.8877741098403931, -0.02345186658203602, 0.045637570321559906, 0.5907585620880127, 0.5877397656440735, 0.5715615153312683, 0.539497971534729, 0.4853445589542389, 0.3959577977657318, 0.24108894169330597, 0.0, 0.0, 0.0]
[0.4658520221710205, -0.8848626613616943, -0.02118293195962906, 0.040582168847322464, 0.5888056755065918, 0.5853155851364136, 0.5685439705848694, 0.5356549024581909, 0.4802422523498535, 0.38872194290161133, 0.22967523336410522, 0.0, 0.0, 0.0]
[0.4711211025714874, -0.8820685148239136, -0.018848566338419914, 0.035579461604356766, 0.587039053440094, 0.5830979347229004, 0.5657595992088318, 0.5320821404457092, 0.4754640460014343, 0.3818920850753784, 0.2187967449426651, 0.0, 0.0, 0.0]
[0.4754672646522522, -0.8797333836555481, -0.01644459180533886, 0.03063550777733326, 0.5855233073234558, 0.5812051892280579, 0.56339031457901, 0.5290470719337463, 0.47140753269195557, 0.3760906159877777, 0.20953425765037537, 0.0, 0.0, 0.0]
[0.47921112179756165, -0.8776996731758118, -0.013972152955830097, 0.025745276361703873, 0.584230363368988, 0.5795843005180359, 0.5613545179367065, 0.5264308452606201, 0.4678988754749298, 0.37105223536491394, 0.20144520699977875, 0.0, 0.0, 0.0]
[0.4823584258556366, -0.8759739398956299, -0.011447593569755554, 0.02089807763695717, 0.5831623077392578, 0.5782383680343628, 0.5596571564674377, 0.5242413282394409, 0.46495139598846436, 0.36680155992507935, 0.19458290934562683, 0.0, 0.0, 0.0]
[0.48491403460502625, -0.8745618462562561, -0.008879851549863815, 0.01608690433204174, 0.5823211073875427, 0.577170193195343, 0.5583023428916931, 0.5224852561950684, 0.4625764489173889, 0.36335983872413635, 0.18899361789226532, 0.0, 0.0, 0.0]
[0.48688197135925293, -0.873467743396759, -0.006277679465711117, 0.011304664425551891, 0.5817081928253174, 0.576382040977478, 0.5572935938835144, 0.5211681127548218, 0.4607834219932556, 0.36074456572532654, 0.18471592664718628, 0.0, 0.0, 0.0]
[0.48826536536216736, -0.8726952075958252, -0.0036496780812740326, 0.006544189061969519, 0.5813248753547668, 0.5758756399154663, 0.5566335320472717, 0.520294189453125, 0.45957961678504944, 0.35896942019462585, 0.18177998065948486, 0.0, 0.0, 0.0]
[0.4890178442001343, -0.8722738027572632, -0.0010044476948678493, 0.001798266894184053, 0.5811774730682373, 0.5756618976593018, 0.5563388466835022, 0.5198879837989807, 0.45900213718414307, 0.3580942749977112, 0.1802951842546463, 0.0, 0.0, 0.0]
[0.4892246127128601, -0.8721578121185303, 0.001649688696488738, -0.0029404584784060717, 0.5812571048736572, 0.5757248997688293, 0.5563850998878479, 0.5199140906333923, 0.45899853110313416, 0.3580376207828522, 0.1801215559244156, 0.0, 0.0, 0.0]
[0.4895630478858948, -0.8719679117202759, 0.0040419562719762325, -0.007200523745268583, 0.5814709663391113, 0.5759126543998718, 0.5565493106842041, 0.5200524926185608, 0.45910048484802246, 0.3580729067325592, 0.1800006479024887, 0.0, 0.0, 0.0]
[0.4903915524482727, -0.8715022206306458, 0.006440865341573954, -0.011454423889517784, 0.5817781686782837, 0.5761529803276062, 0.5567220449447632, 0.5201432108879089, 0.4590703248977661, 0.357826828956604, 0.17927876114845276, 0.0, 0.0, 0.0]
[0.4917091727256775, -0.8707594871520996, 0.008852379396557808, -0.01569673977792263, 0.582177460193634, 0.5764449238777161, 0.556902289390564, 0.5201849341392517, 0.45890626311302185, 0.3572963774204254, 0.177948996424675, 0.0, 0.0, 0.0]
[0.4935142397880554, -0.8697377443313599, 0.011282743886113167, -0.01992185227572918, 0.5826671123504639, 0.5767867565155029, 0.557088315486908, 0.5201757550239563, 0.45860555768013, 0.35647663474082947, 0.17600002884864807, 0.0, 0.0, 0.0]
[0.49580445885658264, -0.8684341907501221, 0.01373814232647419, -0.024124104529619217, 0.5832447409629822, 0.5771762728691101, 0.5572778582572937, 0.5201128721237183, 0.4581642150878906, 0.35536062717437744, 0.17341582477092743, 0.0, 0.0, 0.0]
[0.4984045922756195, -0.8669445514678955, 0.01622188277542591, -0.028300436213612556, 0.5839279294013977, 0.5776464939117432, 0.5575218796730042, 0.5200715661048889, 0.4576943516731262, 0.3541240394115448, 0.170501247048378, 0.0, 0.0, 0.0]
[0.5014540553092957, -0.8651842474937439, 0.01873864233493805, -0.03244525566697121, 0.5846970081329346, 0.5781653523445129, 0.5577734112739563, 0.5199838876724243, 0.4570952355861664, 0.35260722041130066, 0.16697031259536743, 0.0, 0.0, 0.0]
[0.5049490332603455, -0.8631491661071777, 0.021295523270964622, -0.03655215725302696, 0.5855482220649719, 0.5787293910980225, 0.5580288171768188, 0.5198454260826111, 0.456360399723053, 0.35079869627952576, 0.16279582679271698, 0.0, 0.0, 0.0]
[0.5091457962989807, -0.8606802821159363, 0.02390357479453087, -0.040609825402498245, 0.5864439606666565, 0.579278290271759, 0.5581993460655212, 0.5195279121398926, 0.4552990198135376, 0.3483944833278656, 0.1574278175830841, 0.0, 0.0, 0.0]
[0.5138064026832581, -0.8579061627388, 0.0265701524913311, -0.044613078236579895, 0.5874069929122925, 0.5798553824424744, 0.5583527684211731, 0.5191314816474915, 0.45406007766723633, 0.3456272780895233, 0.1512661725282669, 0.0, 0.0, 0.0]
[0.5189245939254761, -0.8548200130462646, 0.02929621934890747, -0.04855842515826225, 0.5884314179420471, 0.5804550051689148, 0.5584829449653625, 0.5186483263969421, 0.4526321589946747, 0.3424758017063141, 0.14425888657569885, 0.0, 0.0, 0.0]
[0.5248523354530334, -0.8511933088302612, 0.032096799463033676, -0.05242926627397537, 0.5894609093666077, 0.5809886455535889, 0.5584607720375061, 0.5178918838500977, 0.4507361352443695, 0.33849087357521057, 0.13557565212249756, 0.0, 0.0, 0.0]
[0.5312492251396179, -0.8472155928611755, 0.034980062395334244, -0.0562206469476223, 0.5905306339263916, 0.5815211534500122, 0.5583862662315369, 0.5170095562934875, 0.4485913813114166, 0.33401554822921753, 0.1258072704076767, 0.0, 0.0, 0.0]
[0.5385379791259766, -0.8426012396812439, 0.03795584291219711, -0.05991633981466293, 0.5915676951408386, 0.5819399952888489, 0.5580962896347046, 0.5157650709152222, 0.44584307074546814, 0.3284725546836853, 0.11386406421661377, 0.0, 0.0, 0.0]
[0.5463009476661682, -0.8375889658927917, 0.041032854467630386, -0.06351140886545181, 0.5926181674003601, 0.5823275446891785, 0.5577166676521301, 0.5143435597419739, 0.4427664577960968, 0.32229262590408325, 0.10048669576644897, 0.0, 0.0, 0.0]
[0.5545254945755005, -0.8321667313575745, 0.044202953577041626, -0.0670061782002449, 0.5936715602874756, 0.5826730132102966, 0.557235062122345, 0.5127280354499817, 0.43933406472206116, 0.315420538187027, 0.0855255052447319, 0.0, 0.0, 0.0]
[0.5631979703903198, -0.8263220191001892, 0.04747002571821213, -0.07039307802915573, 0.5947169661521912, 0.5829651355743408, 0.5566377639770508, 0.5108998417854309, 0.4355151355266571, 0.30779343843460083, 0.06880523264408112, 0.0, 0.0, 0.0]
[0.5728667378425598, -0.8196485638618469, 0.05085929110646248, -0.0736391618847847, 0.595643162727356, 0.5830371379852295, 0.5556851625442505, 0.5085106492042542, 0.43077898025512695, 0.2985225021839142, 0.048546139150857925, 0.0, 0.0, 0.0]
[0.5823844075202942, -0.8129135370254517, 0.05435628443956375, -0.07676827162504196, 0.5966322422027588, 0.5831793546676636, 0.5548044443130493, 0.5061836838722229, 0.4260641634464264, 0.2891291081905365, 0.027570923790335655, 0.0, 0.0, 0.0]

Action Log Probs:
[-1.9667688608169556, -0.16831374168395996, -0.46953511238098145, -0.48466503620147705, -0.759787380695343]
[-0.2349337786436081, -0.24882996082305908, -0.8221409320831299, -0.5763609409332275, -0.7000811100006104]
[-0.23476101458072662, -1.5133378505706787, -0.8222343921661377, -0.8254989385604858, -0.7000682950019836]
[-0.23458848893642426, -0.24853730201721191, -0.5787580013275146, -0.8256087899208069, -0.686290442943573]
[-1.5655399560928345, -0.24840152263641357, -0.8224331140518188, -0.5761041045188904, -0.7000234127044678]
[-0.23427344858646393, -0.24827659130096436, -0.8225380778312683, -0.8258562088012695, -0.6863559484481812]
[-0.23412203788757324, -0.24815046787261963, -0.8226491212844849, -0.825994610786438, -0.6999408006668091]
[-0.23396754264831543, -0.2480173110961914, -0.8227678537368774, -0.5757805109024048, -0.686445951461792]
[-0.23381896317005157, -1.5161588191986084, -0.578319787979126, -0.8263017535209656, -0.686500608921051]
[-0.23367595672607422, -0.247766375541687, -0.8230193853378296, -0.5755266547203064, -0.6997746229171753]
[-0.23353871703147888, -0.24764859676361084, -0.8231523633003235, -0.8266470432281494, -0.6997026801109314]
[-1.5694773197174072, -1.5175094604492188, -0.5780031681060791, -0.5752420425415039, -0.6867021918296814]
[-0.23365744948387146, -0.24774718284606934, -0.8232434988021851, -0.5752478241920471, -0.6867876052856445]
[-1.5689605474472046, -0.24763274192810059, -0.8233808875083923, -0.5751034021377563, -0.6994691491127014]
[-0.23339702188968658, -1.5174589157104492, -0.8235231041908264, -0.574951708316803, -0.6869505047798157]
[-1.5699063539505005, -0.2474198341369629, -0.5777103900909424, -0.5747928023338318, -0.687044084072113]
[-0.23318420350551605, -1.5180597305297852, -0.8238145709037781, -0.8276254534721375, -0.6991704702377319]
[-0.23307447135448456, -0.24726176261901855, -0.5774751305580139, -0.5744549036026001, -0.6872695684432983]
[-0.23299823701381683, -0.24721252918243408, -0.8241239190101624, -0.5742762684822083, -0.6874035000801086]
[-0.23293067514896393, -1.5187124013900757, -0.8242807984352112, -0.5740906596183777, -0.6987788081169128]
[-0.23287056386470795, -0.2471393346786499, -0.5771073698997498, -0.5738980174064636, -0.6986245512962341]
[-0.23285318911075592, -0.24716317653656006, -0.5769860744476318, -0.5737006664276123, -0.6878820061683655]
[-0.23288531601428986, -0.24725210666656494, -0.5768705606460571, -0.5734987854957581, -0.6880978345870972]
[-0.2329721301794052, -0.24741339683532715, -0.8248839974403381, -0.829348087310791, -0.6979671120643616]
[-0.2330332249403, -0.24753594398498535, -0.8250365853309631, -0.5730777978897095, -0.6977229714393616]
[-0.23310525715351105, -0.2476710081100464, -0.576521635055542, -0.572856068611145, -0.6974676847457886]
[-1.570048451423645, -0.2478870153427124, -0.5764080286026001, -0.5726298093795776, -0.689139187335968]
[-0.23341700434684753, -0.248191237449646, -0.825478196144104, -0.8304747939109802, -0.6894656419754028]
[-1.568812608718872, -0.24844849109649658, -0.5761779546737671, -0.8307546973228455, -0.6965290307998657]
[-1.5682107210159302, -0.24872183799743652, -0.5760548710823059, -0.8310420513153076, -0.6962035894393921]
[-0.23389530181884766, -0.2490144968032837, -0.8259517550468445, -0.5717560052871704, -0.6904373168945312]
[-0.2340845912694931, -0.2493269443511963, -0.5758029222488403, -0.5715228319168091, -0.6955114006996155]
[-0.23435233533382416, -1.509579062461853, -0.8262656927108765, -0.5712871551513672, -0.6911931037902832]
[-0.2346435934305191, -0.2501988410949707, -0.5755668878555298, -0.5710456967353821, -0.6916166543960571]
[-1.5632773637771606, -0.25077366828918457, -0.826557457447052, -0.5708006620407104, -0.6941936612129211]
[-0.23543459177017212, -0.25138580799102783, -0.8266979455947876, -0.8329036235809326, -0.6926100850105286]
[-0.2357930839061737, -0.2519233226776123, -0.8268559575080872, -0.8332417011260986, -0.6930899620056152]
[-1.559273600578308, -0.25237035751342773, -0.5750886797904968, -0.8335899114608765, -0.6935334205627441]
[-0.23639614880084991, -0.2528315782546997, -0.5749446153640747, -0.833945095539093, -0.6939918994903564]
[-0.2367316335439682, -0.25330793857574463, -0.5747796297073364, -0.8343023061752319, -0.6918178200721741]
[-0.2370845526456833, -1.4954050779342651, -0.8276460766792297, -0.5691946744918823, -0.691317081451416]
[-0.23745514452457428, -1.4936058521270752, -0.5744423866271973, -0.5689089298248291, -0.6908013224601746]
[-1.5523360967636108, -0.2550046443939209, -0.5742782950401306, -0.5686168670654297, -0.6902016997337341]
[-0.23856738209724426, -0.2558630704879761, -0.5741207003593445, -0.5683169960975647, -0.6895062327384949]
[-0.23934049904346466, -1.484702706336975, -0.5739684104919434, -0.836218535900116, -0.6887043714523315]
[-0.24016085267066956, -1.4809000492095947, -0.5738130807876587, -0.5676862001419067, -0.6878661513328552]
[-1.540503978729248, -0.25937318801879883, -0.5736589431762695, -0.5673494935035706, -0.6994279623031616]
[-0.24232472479343414, -1.4710099697113037, -0.573504626750946, -0.56699138879776, -0.6858015656471252]
[-0.24372176826000214, -1.4647198915481567, -0.573345959186554, -0.5666047930717468, -0.6845323443412781]
[-0.24536798894405365, -1.4573907852172852, -0.5731773376464844, -0.8386116027832031, -0.703325629234314]
[-0.24650050699710846, -0.2665673494338989, -0.5732637047767639, -0.5660756826400757, -0.7040507197380066]
[-0.2472408413887024, -0.26752161979675293, -0.8289281129837036, -0.8384657502174377, -0.6823222041130066]
[-1.5159236192703247, -0.2684342861175537, -0.8285098075866699, -0.8382253646850586, -0.7041470408439636]
[-1.5138421058654785, -1.443905234336853, -0.5742504596710205, -0.5665866136550903, -0.6822710037231445]
[-1.510664939880371, -0.2702465057373047, -0.5746760368347168, -0.5668599605560303, -0.7040363550186157]
[-0.25039467215538025, -0.27137112617492676, -0.8269752264022827, -0.5671570301055908, -0.7039164900779724]
[-0.25099167227745056, -0.2721661329269409, -0.5754503607749939, -0.5672695636749268, -0.6826015710830688]
[-0.25167298316955566, -1.4314707517623901, -0.5758165121078491, -0.836993932723999, -0.7036714553833008]
[-0.25240445137023926, -0.27402007579803467, -0.5761953592300415, -0.567561686038971, -0.6828559041023254]
[-0.2532442808151245, -0.275105357170105, -0.8250552415847778, -0.5677416920661926, -0.6829965710639954]
[-1.494239330291748, -1.4213842153549194, -0.8244819641113281, -0.8363264203071594, -0.7032675743103027]
[-0.25531575083732605, -0.2775994539260864, -0.577605128288269, -0.5682193040847778, -0.6832733154296875]
[-0.25618425011634827, -0.27868711948394775, -0.8232784867286682, -0.5683636665344238, -0.6834458112716675]
[-0.25706779956817627, -1.410365343093872, -0.8227540254592896, -0.5685071349143982, -0.6836341619491577]
[-1.4810166358947754, -0.28093481063842773, -0.5788498520851135, -0.5686485767364502, -0.6838181018829346]
[-0.25906985998153687, -0.2822350263595581, -0.821604311466217, -0.5688132047653198, -0.6840206384658813]
[-0.2601797580718994, -0.2836073637008667, -0.820980966091156, -0.8349143266677856, -0.7021486163139343]
[-0.2611912488937378, -0.28492510318756104, -0.5802670121192932, -0.5692373514175415, -0.7019394636154175]
[-0.2623312473297119, -0.2863929271697998, -0.8197677731513977, -0.8342745900154114, -0.684661328792572]
[-0.2634628117084503, -0.2878304719924927, -0.5812445282936096, -0.5697141289710999, -0.7015113234519958]
[-0.2639605700969696, -0.28887248039245605, -0.5815036296844482, -0.5697360634803772, -0.6851096153259277]
[-0.2619479298591614, -1.3848007917404175, -0.58088219165802, -0.5690147280693054, -0.6855289340019226]
[-0.2601408064365387, -0.28770720958709717, -0.8203426003456116, -0.8358441591262817, -0.6859540939331055]
[-0.25883087515830994, -1.3866642713546753, -0.5798941850662231, -0.5676586627960205, -0.7000367045402527]
[-0.25784796476364136, -1.3862117528915405, -0.579402506351471, -0.8376771807670593, -0.6865165829658508]
[-0.2572663724422455, -0.2881840467453003, -0.8221938610076904, -0.5659991502761841, -0.6997983455657959]
[-0.2566920220851898, -1.3831360340118408, -0.8229309916496277, -0.5648102760314941, -0.6996623873710632]
[-0.2562883794307709, -0.2894108295440674, -0.8235375881195068, -0.563578724861145, -0.6993757486343384]
[-1.48409903049469, -0.2911710739135742, -0.5761033892631531, -0.5614418983459473, -0.685771644115448]
[-0.25872287154197693, -0.2937300205230713, -0.8288854956626892, -0.8485608696937561, -0.7026288509368896]
[-0.26043879985809326, -0.29617536067962646, -0.5715544819831848, -0.8519259095191956, -0.6820918321609497]
[-0.2622873783111572, -1.3540740013122559, -0.5696461796760559, -0.5536839962005615, -0.6806484460830688]
[-0.2642124593257904, -0.30121874809265137, -0.5678374171257019, -0.8582879900932312, -0.7071261405944824]
[-0.2653515338897705, -0.3033090829849243, -0.5662795901298523, -0.5504757761955261, -0.677862286567688]
[-0.2649846076965332, -0.30415022373199463, -0.5642293691635132, -0.860909640789032, -0.6764587163925171]
[-0.26200902462005615, -0.30285918712615967, -0.5611750483512878, -0.5485150218009949, -0.7113155126571655]
[-0.2588823735713959, -0.30081140995025635, -0.5591067671775818, -0.863110363483429, -0.7112839221954346]
[-1.4877105951309204, -0.29888916015625, -0.557648241519928, -0.8635450005531311, -0.6757760643959045]
[-0.2536885142326355, -1.3575100898742676, -0.5564708113670349, -0.547417163848877, -0.7103080153465271]
[-0.25081151723861694, -1.3624229431152344, -0.8544520139694214, -0.5463066697120667, -0.6760015487670898]
[-0.24700504541397095, -1.3682096004486084, -0.8605064749717712, -0.8697798848152161, -0.7130051851272583]
[-0.2441103458404541, -0.29254209995269775, -0.5459840297698975, -0.5403797030448914, -0.6715449094772339]
[-0.24041011929512024, -1.377373456954956, -0.5421055555343628, -0.53838050365448, -0.6694310307502747]
[-0.2373959720134735, -1.3813667297363281, -0.538720965385437, -0.8787468671798706, -0.7194339036941528]
[-1.5525537729263306, -0.2901982069015503, -0.5365623831748962, -0.8798364400863647, -0.6656786799430847]
[-0.23819397389888763, -0.2906038761138916, -0.5349715948104858, -0.5353580117225647, -0.7228735089302063]
[-0.23850835859775543, -0.29115569591522217, -0.5335373878479004, -0.8812829852104187, -0.662890613079071]
[-0.23873469233512878, -0.29168832302093506, -0.53216153383255, -0.5344641804695129, -0.6614885330200195]
[-0.23854687809944153, -0.29095423221588135, -0.8902254700660706, -0.5333768129348755, -0.7293719053268433]
[-0.23847703635692596, -0.28938353061676025, -0.5246060490608215, -0.5328396558761597, -0.65281742811203]
[-0.2384101003408432, -0.2880953550338745, -0.5212245583534241, -0.5323897004127502, -0.6483277678489685]
[-1.5544325113296509, -0.2858297824859619, -0.9050238132476807, -0.8853762745857239, -0.7428444623947144]
[-0.23657426238059998, -0.2837958335876465, -0.9087156653404236, -0.8870279788970947, -0.6421748995780945]
[-1.561506748199463, -0.28106677532196045, -0.5137500762939453, -0.5294668078422546, -0.6382948756217957]
[-0.23355910181999207, -0.2776048183441162, -0.9149065613746643, -0.8909974098205566, -0.7546666264533997]
[-0.23139286041259766, -0.27453911304473877, -0.5097853541374207, -0.5264096856117249, -0.7566581964492798]
[-0.22911156713962555, -1.437361478805542, -0.5079799294471741, -0.5251062512397766, -0.6319171786308289]
[-0.22691944241523743, -1.448131799697876, -0.5067142844200134, -0.5243453979492188, -0.6308756470680237]
[-0.22498087584972382, -0.2648897171020508, -0.9242756366729736, -0.8972898721694946, -0.7607022523880005]
[-0.22325684130191803, -0.26220929622650146, -0.5044302344322205, -0.5231274366378784, -0.628913938999176]
[-1.6158781051635742, -1.4750211238861084, -0.5029972195625305, -0.899307906627655, -0.7633239030838013]
[-0.21945761144161224, -0.2567923069000244, -0.5013951659202576, -0.9006214737892151, -0.7646453380584717]
[-0.21754410862922668, -0.25430846214294434, -0.4997904896736145, -0.9022006988525391, -0.765997588634491]
[-1.6396620273590088, -0.25194501876831055, -0.4981602728366852, -0.5192757248878479, -0.62409508228302]
[-0.21391600370407104, -0.24957263469696045, -0.938014030456543, -0.5182076096534729, -0.6230778694152832]
[-0.2120407074689865, -0.24710500240325928, -0.49515005946159363, -0.5170968770980835, -0.7694348096847534]
[-0.17838634550571442, -0.20151519775390625, -0.9616895914077759, -0.5088215470314026, -0.6340011954307556]
[-0.18056567013263702, -1.6917096376419067, -0.4830681085586548, -0.9181413650512695, -0.6337801218032837]
[-0.182743102312088, -0.20564472675323486, -0.4844742715358734, -0.9170080423355103, -0.7564913630485535]
[-1.7788090705871582, -0.20768976211547852, -0.48587650060653687, -0.5110948085784912, -0.7567198872566223]
[-1.7679606676101685, -0.20972514152526855, -0.9526832103729248, -0.5118212699890137, -0.7569853067398071]
[-1.7572342157363892, -0.21174585819244385, -0.9504499435424805, -0.9137282371520996, -0.7572378516197205]
[-1.7468045949935913, -1.6480011940002441, -0.49007827043533325, -0.5132675766944885, -0.7574366331100464]
[-0.19302721321582794, -0.21485507488250732, -0.49126136302948, -0.5137802362442017, -0.6327505111694336]
[-0.19532862305641174, -0.21686029434204102, -0.49273616075515747, -0.5144978761672974, -0.7576553821563721]
[-1.7183966636657715, -0.2188558578491211, -0.4942335784435272, -0.5151978135108948, -0.6323354840278625]
[-0.20003798604011536, -0.2208482027053833, -0.4957587420940399, -0.9087520241737366, -0.6321130394935608]
[-0.2023945152759552, -0.22288691997528076, -0.9370092749595642, -0.516475260257721, -0.7584509253501892]
[-0.20476925373077393, -0.22492468357086182, -0.9347086548805237, -0.5170320272445679, -0.6315196752548218]
[-0.2071608155965805, -1.5943903923034668, -0.9323765635490417, -0.5176295042037964, -0.6312400102615356]
[-1.6656630039215088, -0.22893714904785156, -0.9300144910812378, -0.9052261114120483, -0.759395956993103]
[-0.21195685863494873, -0.23093223571777344, -0.5032908916473389, -0.5189259648323059, -0.7596070170402527]
[-0.21439145505428314, -0.23292720317840576, -0.5048335194587708, -0.9032981395721436, -0.6306484341621399]
[-0.21681717038154602, -0.23490118980407715, -0.9229856133460999, -0.9023071527481079, -0.7599840760231018]
[-0.21917031705379486, -1.5567777156829834, -0.9205793142318726, -0.9012071490287781, -0.7600278258323669]
[-1.616073727607727, -1.5499205589294434, -0.9182510375976562, -0.5217586755752563, -0.6304454207420349]
[-1.610021710395813, -0.23948371410369873, -0.9161794781684875, -0.5223946571350098, -0.6306596398353577]
[-0.22462359070777893, -1.5430355072021484, -0.9139873385429382, -0.5230751633644104, -0.6308873891830444]
[-0.22632774710655212, -0.2414323091506958, -0.9117129445075989, -0.8971289396286011, -0.6311716437339783]
[-0.2288610190153122, -1.5325905084609985, -0.515565037727356, -0.5246878862380981, -0.7590705156326294]
[-0.2314157634973526, -0.24516916275024414, -0.906715989112854, -0.8945691585540771, -0.6314406394958496]
[-1.567419409751892, -0.24701499938964844, -0.5189001560211182, -0.8933047652244568, -0.6315882205963135]
[-0.23643840849399567, -1.5127595663070679, -0.5205259323120117, -0.5273221731185913, -0.7585658431053162]
[-1.5484280586242676, -0.25068438053131104, -0.8994870185852051, -0.8907691836357117, -0.7583745121955872]
[-0.2414933443069458, -0.25249767303466797, -0.5237816572189331, -0.5290775299072266, -0.7581788301467896]
[-0.24403175711631775, -0.25430941581726074, -0.525405764579773, -0.5299578905105591, -0.6322712898254395]
[-0.24662069976329803, -0.2561309337615967, -0.8924177289009094, -0.5308528542518616, -0.6324644684791565]
[-0.24919641017913818, -0.2579396963119507, -0.5286990404129028, -0.5317427515983582, -0.6326627731323242]
[-0.25172701478004456, -1.4754164218902588, -0.8877528309822083, -0.5326125621795654, -0.7572141289710999]
[-0.2542155683040619, -0.26135313510894775, -0.8856398463249207, -0.5334540605545044, -0.7568582892417908]
[-1.4857382774353027, -0.2629663944244385, -0.5332765579223633, -0.8822067975997925, -0.7564886808395386]
[-0.2587531805038452, -1.4594500064849854, -0.8815218806266785, -0.535037636756897, -0.634006142616272]
[-1.4715344905853271, -0.2658722400665283, -0.8796213269233704, -0.8797692656517029, -0.7554804682731628]
[-1.4650404453277588, -0.2672361135482788, -0.877873420715332, -0.8785473704338074, -0.7549669742584229]
[-0.26457419991493225, -0.2685277462005615, -0.5384284853935242, -0.537601888179779, -0.7544866800308228]
[-1.453076958656311, -0.26979613304138184, -0.5395590662956238, -0.876315176486969, -0.754007875919342]
[-0.26810288429260254, -0.2710115909576416, -0.8731809258460999, -0.8752653002738953, -0.753553032875061]
[-1.4422831535339355, -0.2721446752548218, -0.8718195557594299, -0.5398187637329102, -0.6365495324134827]
[-0.2711961269378662, -1.4309911727905273, -0.5425245761871338, -0.5404485464096069, -0.6368904113769531]
[-0.2726459801197052, -0.2742459774017334, -0.5434016585350037, -0.5410527586936951, -0.6372165083885193]
[-0.2740345299243927, -0.27522969245910645, -0.868179976940155, -0.8717997074127197, -0.7520471215248108]
[-1.4244701862335205, -0.276123046875, -0.544962465763092, -0.8711155652999878, -0.6377867460250854]
[-1.420928716659546, -0.2769358158111572, -0.8662847876548767, -0.5425639748573303, -0.6380247473716736]
[-0.2774052619934082, -0.2776528596878052, -0.5461714267730713, -0.8699060678482056, -0.6382560133934021]
[-0.27828875184059143, -0.278298020362854, -0.5466450452804565, -0.869419515132904, -0.6384435296058655]
[-1.4126603603363037, -0.2788732051849365, -0.5470216274261475, -0.8690422773361206, -0.638587474822998]
[-0.2796739339828491, -0.27937424182891846, -0.8639514446258545, -0.868772566318512, -0.6386850476264954]
[-0.2801649570465088, -0.27979767322540283, -0.5474889874458313, -0.8686180114746094, -0.6387329697608948]
[-0.28053003549575806, -1.4092398881912231, -0.5475816130638123, -0.8685684204101562, -0.6387348175048828]
[-1.4071136713027954, -0.28044116497039795, -0.8634752631187439, -0.5439777374267578, -0.7506994009017944]
[-0.28117650747299194, -0.280733585357666, -0.5477496981620789, -0.8684704303741455, -0.6387309432029724]
[-0.28154706954956055, -0.2810260057449341, -0.8631709814071655, -0.5440981984138489, -0.6387448310852051]
[-1.4036915302276611, -0.2813185453414917, -0.8629626035690308, -0.5441965460777283, -0.638769805431366]
[-1.4023551940917969, -0.2816110849380493, -0.8627153635025024, -0.8680614233016968, -0.6388067007064819]
[-0.28282883763313293, -0.28189241886138916, -0.8624548316001892, -0.544456422328949, -0.6388468146324158]
[-0.2833031117916107, -0.2821725606918335, -0.86215740442276, -0.5446169972419739, -0.7505084276199341]
[-0.2838098704814911, -0.28245246410369873, -0.5488600730895996, -0.5448041558265686, -0.6389630436897278]
[-1.396226167678833, -0.28275156021118164, -0.5491675138473511, -0.8670594692230225, -0.7503315806388855]
[-0.2850198447704315, -1.4003057479858398, -0.8609301447868347, -0.5453237295150757, -0.6391686201095581]
[-0.2856941223144531, -0.28336453437805176, -0.5498965382575989, -0.5456376075744629, -0.7500597238540649]
[-0.2864823639392853, -1.3983041048049927, -0.5503708124160767, -0.8657024502754211, -0.7498627305030823]
[-0.2873857915401459, -0.2840452194213867, -0.5509634613990784, -0.5465060472488403, -0.7495712637901306]
[-0.2884632647037506, -0.2844371795654297, -0.5516811013221741, -0.8642516732215881, -0.7492071986198425]
[-0.2898236811161041, -0.28498899936676025, -0.5523655414581299, -0.863491952419281, -0.6403182148933411]
[-1.3754782676696777, -0.28558480739593506, -0.8560160398483276, -0.5482609272003174, -0.6406112909317017]
[-0.2929486632347107, -0.2862318754196167, -0.5539736151695251, -0.5489569902420044, -0.7482212781906128]
[-0.29490017890930176, -1.3883203268051147, -0.8534775376319885, -0.8605213165283203, -0.6413783431053162]
[-0.2968920171260834, -0.2877854108810425, -0.5560613870620728, -0.8593233823776245, -0.6418259739875793]

Rewards:
-10.490148609064219
-0.4696267928556553
-0.44910770129471905
-0.4285941680482872
-0.4080889973577483
-0.387597336056335
-0.36712430316854694
-0.3466707987631932
-0.3262400595794825
-0.30583530866218217
-0.285470226180519
-0.3084603704009127
-0.2880808775695007
-0.2677333604061872
-0.24742099144978233
-0.22712920000947665
-0.20689659510564717
-0.18668465787009023
-0.1665169816971472
-0.14639641041976872
-0.12629102874831546
-0.10627318455190789
-0.08635387873671405
-0.06644958502197952
-0.04660618498585393
-0.02688344432578866
-0.007293948306988085
0.012284151228913843
0.031785733506823635
0.05120813378851359
0.07054873357854426
0.08971453246176296
0.10878767497735524
0.1276626106548776
0.14643382106364186
0.16521482217451008
0.1840161076970297
0.2027187423862388
0.2213205161076358
0.23981927417731483
0.25821291808800767
0.2763397059866983
0.2941831597794732
0.31172684305571496
0.32913748250695446
0.34622222574952505
0.3629649072070755
0.3793496560164783
0.3953609697998451
0.41120652134638574
0.42665439599008254
0.44216733718850987
0.4577577818866001
0.42959610620996713
0.40150450768100154
0.41705986210297624
0.43220867179494105
0.4471784944251499
0.46171929468641193
0.4760750408960033
0.4471776971676751
0.46171850749797855
0.47607426380205553
0.4902445557395421
0.5039566284801726
0.517478799666954
0.5310987888075538
0.5442373621551054
0.5574895474013445
0.5702453321677783
0.5824943739163679
0.5942273758268946
0.6061015092736265
0.6174469983305719
0.6286032765853315
0.6395716170301179
0.6503533658817657
0.6609499388833308
0.6709883256695081
0.6812256331725792
0.6912823337781228
0.7007657719615957
0.7100727689384234
0.7187983951835537
0.7273532940808601
0.7353210564616061
0.7431253007355967
0.7507683572529728
0.7578178883661483
0.7647151376787926
0.7719069938712606
0.7784973309458587
0.7849429332292581
0.7912462560521155
0.7974097483296444
0.8034358505810999
0.8093269930567055
0.8150855939695402
0.8207140578298054
0.8262147738787954
0.8315901146198243
0.837335083046311
0.8434491810725003
0.8489297918151789
0.854792991001782
0.8600185373237389
0.8651258664903929
0.8701172133013151
0.8755163427854743
0.8802703908142271
0.8415880416937744
0.8471102952380491
0.8525088205085057
0.8577858985597442
0.8629437922150365
-9.28870304968544
0.6762623771661869
0.6419246059971083
0.6082499401927273
0.5748657604729069
0.5421089298470813
0.510250309591301
0.5219828395907017
0.48989078337517356
0.45810062123133405
0.42662330070087423
0.3957060153692231
0.3653205963412819
0.3354403148869608
0.3060397785597584
0.2772750348297652
0.24876004206044114
0.22065585050190592
0.19308557546741967
0.16600572391686272
0.1825844127733248
0.1989643368799439
0.215143080484971
0.18792911048751634
0.16091253735738575
0.1343409755320979
0.10806569632909949
0.08196885260366607
0.05624195342195271
0.030681290137294256
0.005289374935189528
-0.019861487125745113
-0.04484918393068746
-0.06961623430878668
-0.09417621979639229
-0.11854230847019935
-0.1427272856413802
-0.16670817224405035
-0.19050648060033837
-0.21419542682156248
-0.23775514298009826
-0.2611774536848482
-0.28449547062027114
-0.30773222885359286
-0.330892410289211
-0.3539656383033125
-0.37697223166807325
-0.39992209802948053
-0.42282504259092646
-0.4456907850957586
-0.46852897639338786
-0.4913489391222082
-0.48583922886117437
-0.46531884481836255
-0.44480737100722256
-0.42431228618157335
-0.40384104933629705
-0.38340108880315577
-0.36299601232275464
-0.342635504484618
-0.32232661658100725
-0.30208510672901495
-0.2819111879074536
-0.2618118832919079
-0.24180988592961536
-0.22189892011397563
-0.20210736093594917
-0.18242349198440683
-0.16285406741537278
-0.14340567816361827
-0.12412010139775376
-0.10493261122055486
-0.08588485968473407

Is Terminals:
False
False
False
False
False
False
False
False
False
False
False
False
False
False
False
False
False
False
False
False
False
False
False
False
False
False
False
False
False
False
False
False
False
False
False
False
False
False
False
False
False
False
False
False
False
False
False
False
False
False
False
False
False
False
False
False
False
False
False
False
False
False
False
False
False
False
False
False
False
False
False
False
False
False
False
False
False
False
False
False
False
False
False
False
False
False
False
False
False
False
False
False
False
False
False
False
False
False
False
False
False
False
False
False
False
False
False
False
False
False
False
False
False
False
False
False
False
False
False
False
False
False
False
False
False
False
False
False
False
False
False
False
False
False
False
False
False
False
False
False
False
False
False
False
False
False
False
False
False
False
False
False
False
False
False
False
False
False
False
False
False
False
False
False
False
False
False
False
False
False
False
False
False
False
False
False
False
False
False
False
False
False
False
False
False
False
False
False
